                                       1                                        2                                        3                                        4                                        5                                        6                                        7 
                          version_number                                 compiler                                    build                         MESA_SDK_version                                     date                                burn_min1                                burn_min2 
                                   12115                               "gfortran"                                  "9.2.0"               "x86_64-osx-macos-19.11.2"                               "20220706"                  5.0000000000000000E+001                  1.0000000000000000E+003 

                                       1                                        2                                        3                                        4                                        5                                        6                                        7                                        8                                        9                                       10                                       11                                       12                                       13                                       14                                       15                                       16                                       17                                       18                                       19 
                            model_number                                 star_age                                star_mass                                       pp                                      cno                                 tri_alfa                             he_core_mass                              c_core_mass                              o_core_mass                                 log_Teff                                    log_L                                    log_R                             log_center_T                           log_center_Rho                                center_h1                               center_he4                               center_c12                               center_o16                            envelope_mass 
                                       1                  1.0000000000000001E-005                  1.3899999999999999E+000                 -2.0958372966331240E+001                 -9.8999999999999986E+001                 -9.8999999999999986E+001                  0.0000000000000000E+000                  0.0000000000000000E+000                  0.0000000000000000E+000                  3.6749106046947713E+000                  2.8389945734956181E+000                  1.5929349138108928E+000                  5.4766440300467751E+000                 -3.5418872294304928E+000                  7.2999999999999998E-001                  2.5997233076726683E-001                  1.7208036628529942E-003                  4.6802246398871062E-003                  1.3899999999999999E+000 
                                      10                  2.5958682111999992E-004                  1.3899999999999999E+000                 -2.0958391371627144E+001                 -9.8999999999999986E+001                 -9.8999999999999986E+001                  0.0000000000000000E+000                  0.0000000000000000E+000                  0.0000000000000000E+000                  3.6650751849971259E+000                  2.7985526010815192E+000                  1.5923847669991344E+000                  5.4766438594801157E+000                 -3.5418855111987035E+000                  7.2999999999999998E-001                  2.5997233076726683E-001                  1.7208036628529942E-003                  4.6802246398871062E-003                  1.3899999999999999E+000 
                                      20                  1.8668799962237360E-003                  1.3899999999999999E+000                 -2.0958460123642809E+001                 -9.8999999999999986E+001                 -9.8999999999999986E+001                  0.0000000000000000E+000                  0.0000000000000000E+000                  0.0000000000000000E+000                  3.6383106372444067E+000                  2.6883026608044296E+000                  1.5907888923660267E+000                  5.4766454009230472E+000                 -3.5418817553495203E+000                  7.2999999999999998E-001                  2.5997233076726683E-001                  1.7208036628529942E-003                  4.6802246398871062E-003                  1.3899999999999999E+000 
                                      30                  1.1818815689988476E-002                  1.3899999999999999E+000                 -2.0958570449366807E+001                 -9.8999999999999986E+001                 -9.8999999999999986E+001                  0.0000000000000000E+000                  0.0000000000000000E+000                  0.0000000000000000E+000                  3.6128356291541048E+000                  2.5818010203138306E+000                  1.5884880883013315E+000                  5.4766493781265870E+000                 -3.5418755454166964E+000                  7.2999999999999998E-001                  2.5997233076726683E-001                  1.7208036628529942E-003                  4.6802246398871062E-003                  1.3899999999999999E+000 
                                      40                  7.3438578398454205E-002                  1.3899999999999999E+000                 -2.0958554395793843E+001                 -9.8999999999999986E+001                 -9.8999999999999986E+001                  0.0000000000000000E+000                  0.0000000000000000E+000                  0.0000000000000000E+000                  3.6038083857514032E+000                  2.5421382510313086E+000                  1.5867111904654743E+000                  5.4766601762210563E+000                 -3.5418591547113958E+000                  7.2999999999999998E-001                  2.5997233076726683E-001                  1.7208036628529942E-003                  4.6802246398871062E-003                  1.3899999999999999E+000 
                                      50                  4.5497190750010674E-001                  1.3899999999999999E+000                 -2.0957254756728936E+001                 -9.8999999999999986E+001                 -9.8999999999999986E+001                  0.0000000000000000E+000                  0.0000000000000000E+000                  0.0000000000000000E+000                  3.6028147727978581E+000                  2.5367317298545413E+000                  1.5859951557841809E+000                  5.4767413576237285E+000                 -3.5417359846518548E+000                  7.2999999999999998E-001                  2.5997233076726683E-001                  1.7208036628529942E-003                  4.6802246398871062E-003                  1.3899999999999999E+000 
