                                       1                                        2                                        3                                        4                                        5                                        6                                        7 
                          version_number                                 compiler                                    build                         MESA_SDK_version                                     date                                burn_min1                                burn_min2 
                                   12115                               "gfortran"                                  "9.2.0"               "x86_64-osx-macos-19.11.2"                               "20220706"                  5.0000000000000000E+001                  1.0000000000000000E+003 

                                       1                                        2                                        3                                        4                                        5                                        6                                        7                                        8                                        9                                       10                                       11                                       12                                       13                                       14                                       15                                       16                                       17                                       18                                       19 
                            model_number                                 star_age                                star_mass                                       pp                                      cno                                 tri_alfa                             he_core_mass                              c_core_mass                              o_core_mass                                 log_Teff                                    log_L                                    log_R                             log_center_T                           log_center_Rho                                center_h1                               center_he4                               center_c12                               center_o16                            envelope_mass 
                                       1                  1.0000000000000001E-005                  1.3899999999999999E+000                 -2.1093564610017246E+001                 -9.8999999999999986E+001                 -9.8999999999999986E+001                  0.0000000000000000E+000                  0.0000000000000000E+000                  0.0000000000000000E+000                  3.6571068044060961E+000                  2.8214977550786120E+000                  1.6197941051797393E+000                  5.4766603470084210E+000                 -3.6023466662835117E+000                  6.7000000000000004E-001                  2.9996807396223091E-001                  5.1624109885589822E-003                  1.4040673919661293E-002                  1.3899999999999999E+000 
                                      10                  2.5958682111999992E-004                  1.3899999999999999E+000                 -2.1093582812851803E+001                 -9.8999999999999986E+001                 -9.8999999999999986E+001                  0.0000000000000000E+000                  0.0000000000000000E+000                  0.0000000000000000E+000                  3.6441335946590292E+000                  2.7685868971011249E+000                  1.6192850956851303E+000                  5.4766599999091570E+000                 -3.6023449263348497E+000                  6.7000000000000015E-001                  2.9996807396223096E-001                  5.1624109885589830E-003                  1.4040673919661299E-002                  1.3899999999999999E+000 
                                      20                  1.8668799962237360E-003                  1.3899999999999999E+000                 -2.1093648245235578E+001                 -9.8999999999999986E+001                 -9.8999999999999986E+001                  0.0000000000000000E+000                  0.0000000000000000E+000                  0.0000000000000000E+000                  3.6123421452396220E+000                  2.6379032554527666E+000                  1.6175261736997659E+000                  5.4766614511083151E+000                 -3.6023410824636519E+000                  6.7000000000000015E-001                  2.9996807396223096E-001                  5.1624109885589830E-003                  1.4040673919661297E-002                  1.3899999999999999E+000 
                                      30                  1.1818815689988476E-002                  1.3899999999999999E+000                 -2.1093753124705444E+001                 -9.8999999999999986E+001                 -9.8999999999999986E+001                  0.0000000000000000E+000                  0.0000000000000000E+000                  0.0000000000000000E+000                  3.5859748983586606E+000                  2.5270428156133526E+000                  1.6148304475419817E+000                  5.4766656509471190E+000                 -3.6023344716727856E+000                  6.7000000000000015E-001                  2.9996807396223096E-001                  5.1624109885589830E-003                  1.4040673919661297E-002                  1.3899999999999999E+000 
                                      40                  7.3438578398454205E-002                  1.3899999999999999E+000                 -2.1093740080412783E+001                 -9.8999999999999986E+001                 -9.8999999999999986E+001                  0.0000000000000000E+000                  0.0000000000000000E+000                  0.0000000000000000E+000                  3.5769979061688493E+000                  2.4871456998809855E+000                  1.6128358740554205E+000                  5.4766763810158414E+000                 -3.6023180852613099E+000                  6.7000000000000015E-001                  2.9996807396223096E-001                  5.1624109885589830E-003                  1.4040673919661295E-002                  1.3899999999999999E+000 
                                      50                  4.5497190750010674E-001                  1.3899999999999999E+000                 -2.1092557693310532E+001                 -9.8999999999999986E+001                 -9.8999999999999986E+001                  0.0000000000000000E+000                  0.0000000000000000E+000                  0.0000000000000000E+000                  3.5759673771575917E+000                  2.4814383420808666E+000                  1.6120432531778770E+000                  5.4767510261292927E+000                 -3.6022041566637033E+000                  6.7000000000000015E-001                  2.9996807396223096E-001                  5.1624109885589830E-003                  1.4040673919661299E-002                  1.3899999999999999E+000 
