                                       1                                        2                                        3                                        4                                        5                                        6                                        7 
                          version_number                                 compiler                                    build                         MESA_SDK_version                                     date                                burn_min1                                burn_min2 
                                   12115                               "gfortran"                                  "9.2.0"               "x86_64-osx-macos-19.11.2"                               "20220706"                  5.0000000000000000E+001                  1.0000000000000000E+003 

                                       1                                        2                                        3                                        4                                        5                                        6                                        7                                        8                                        9                                       10                                       11                                       12                                       13                                       14                                       15                                       16                                       17                                       18                                       19 
                            model_number                                 star_age                                star_mass                                       pp                                      cno                                 tri_alfa                             he_core_mass                              c_core_mass                              o_core_mass                                 log_Teff                                    log_L                                    log_R                             log_center_T                           log_center_Rho                                center_h1                               center_he4                               center_c12                               center_o16                            envelope_mass 
                                    6131                  3.3007368130363293E+009                  5.5590004229651802E-001                 -1.4549876659835546E+000                  3.2626276236797218E+000                  2.4946870051859764E+000                  5.4622437271702751E-001                  4.9933276042565616E-001                  0.0000000000000000E+000                  3.5427915569678432E+000                  3.3952167795797066E+000                  2.1352841123067927E+000                  7.9810997341124210E+000                  6.1919135740518110E+000                  0.0000000000000000E+000                  1.4786732876783969E-022                  2.7243764446963004E-001                  6.9156233743620366E-001                  9.6756695794905090E-003 
                                    6140                  3.3007373868739576E+009                  5.5351951232827512E-001                 -1.4494391275625402E+000                  3.2702776126068556E+000                  2.4814561075424000E+000                  5.4623966013634262E-001                  4.9933276042565605E-001                  0.0000000000000000E+000                  3.5553877044928899E+000                  3.3986459535479585E+000                  2.1118064042408258E+000                  7.9811533025535661E+000                  6.1922119319224374E+000                  0.0000000000000000E+000                  1.4786298315522119E-022                  2.7243764446962532E-001                  6.9156233743620998E-001                  7.2798521919325010E-003 
                                    6150                  3.3007379600388265E+009                  5.5121733187701294E-001                 -1.4412586548664410E+000                  3.2777801432936506E+000                  2.4688103706935909E+000                  5.4626088956352981E-001                  4.9933276042565616E-001                  0.0000000000000000E+000                  3.5815783277585167E+000                  3.4021606806213738E+000                  2.0611825212462804E+000                  7.9812068612806177E+000                  6.1925103134438606E+000                  0.0000000000000000E+000                  1.4785864887607797E-022                  2.7243764446962082E-001                  6.9156233743621620E-001                  4.9564423134831337E-003 
                                    6160                  3.3007382355263109E+009                  5.5020901800293998E-001                 -1.4366745799731753E+000                  3.2812466997147189E+000                  2.4628864095271306E+000                  5.4627313623703233E-001                  4.9933276042565600E-001                  0.0000000000000000E+000                  3.6120086277181827E+000                  3.4037863671350213E+000                  2.0011347645837714E+000                  7.9812325630942400E+000                  6.1926537558144501E+000                  0.0000000000000000E+000                  1.4785656765632685E-022                  2.7243764446961866E-001                  6.9156233743621887E-001                  3.9358817659076450E-003 
                                    6170                  3.3007383420223689E+009                  5.4986094948151321E-001                 -1.4346211987486694E+000                  3.2824853744784210E+000                  2.4606226151034765E+000                  5.4627748813012200E-001                  4.9933276042565605E-001                  0.0000000000000000E+000                  3.6336767536792789E+000                  3.4043803366582721E+000                  1.9580954974232057E+000                  7.9812424932538528E+000                  6.1927092147180183E+000                  0.0000000000000000E+000                  1.4785576343036793E-022                  2.7243764446961788E-001                  6.9156233743621998E-001                  3.5834613513912039E-003 
                                    6180                  3.3007383947456307E+009                  5.4970219686824839E-001                 -1.4336157238641745E+000                  3.2831609978396927E+000                  2.4595070805862016E+000                  5.4627748813012211E-001                  4.9933276042565616E-001                  0.0000000000000000E+000                  3.6483409444187997E+000                  3.4046311789707975E+000                  1.9288925371004260E+000                  7.9812474062420025E+000                  6.1927366688576191E+000                  0.0000000000000000E+000                  1.4785536532949064E-022                  2.7243764446961743E-001                  6.9156233743622053E-001                  3.4247087381262808E-003 
                                    6190                  3.3007384344063578E+009                  5.4959000368313593E-001                 -1.4330139630001602E+000                  3.2835891787712184E+000                  2.4586696191479938E+000                  5.4627748813012245E-001                  4.9933276042565639E-001                  0.0000000000000000E+000                  3.6618239810787050E+000                  3.4047907101077906E+000                  1.9020062293491122E+000                  7.9812510995953527E+000                  6.1927573182958282E+000                  0.0000000000000000E+000                  1.4785506587749685E-022                  2.7243764446961721E-001                  6.9156233743622075E-001                  3.3125155530134842E-003 
                                    6200                  3.3007384727905569E+009                  5.4948818991683424E-001                 -1.4325046738904792E+000                  3.2839907604849747E+000                  2.4578623046507451E+000                  5.4628184002321245E-001                  4.9933276042565689E-001                  0.0000000000000000E+000                  3.6775328879780975E+000                  3.4049170849940800E+000                  1.8706516029934710E+000                  7.9812546751458431E+000                  6.1927773063679892E+000                  0.0000000000000000E+000                  1.4785477607356098E-022                  2.7243764446961710E-001                  6.9156233743622098E-001                  3.2063498936217849E-003 
                                    6210                  3.3007385140518150E+009                  5.4938720740662317E-001                 -1.4321315035342261E+000                  3.2843664478914461E+000                  2.4569978205203662E+000                  5.4628184002321256E-001                  4.9933276042565677E-001                  0.0000000000000000E+000                  3.6981886808217359E+000                  3.4049560894130253E+000                  1.8293595195156676E+000                  7.9812585193496073E+000                  6.1927987952553831E+000                  0.0000000000000000E+000                  1.4785446455735157E-022                  2.7243764446961694E-001                  6.9156233743622131E-001                  3.1053673834106066E-003 
                                    6220                  3.3007385584057803E+009                  5.4928975713954642E-001                 -1.4321350242679931E+000                  3.2846530601743198E+000                  2.4560736671081789E+000                  5.4628184002321267E-001                  4.9933276042565694E-001                  0.0000000000000000E+000                  3.7260426647650196E+000                  3.4048539413076799E+000                  1.7736004775764282E+000                  7.9812626544555378E+000                  6.1928219015060861E+000                  0.0000000000000000E+000                  1.4785412970219328E-022                  2.7243764446961666E-001                  6.9156233743622164E-001                  3.0079171163337470E-003 
                                    6230                  3.3007386021554775E+009                  5.4920695651033269E-001                 -1.4328357652167170E+000                  3.2847311385556210E+000                  2.4551699759797470E+000                  5.4628691723181722E-001                  4.9933276042565694E-001                  0.0000000000000000E+000                  3.7649799219285502E+000                  3.4044652874820995E+000                  1.6955316363365767E+000                  7.9812667403463537E+000                  6.1928447075705950E+000                  0.0000000000000000E+000                  1.4785379942085313E-022                  2.7243764446961649E-001                  6.9156233743622197E-001                  2.9200392785154738E-003 
                                    6240                  3.3007386714205074E+009                  5.4910827841230569E-001                 -1.4363484021348898E+000                  3.2842371135176878E+000                  2.4537665747672093E+000                  5.4628691723181710E-001                  4.9933276042565677E-001                  0.0000000000000000E+000                  3.8561899146036454E+000                  3.4032966627470906E+000                  1.5125273386188807E+000                  7.9812732408218796E+000                  6.1928808752193261E+000                  0.0000000000000000E+000                  1.4785327652536799E-022                  2.7243764446961594E-001                  6.9156233743622275E-001                  2.8213611804885907E-003 
                                    6250                  3.3007387579002938E+009                  5.4903288603203970E-001                 -1.4419444251076581E+000                  3.2835490211884588E+000                  2.4520654225009073E+000                  5.4629110174440332E-001                  4.9933276042565700E-001                  0.0000000000000000E+000                  3.9703289472376913E+000                  3.4026403042327602E+000                  1.2839210940936236E+000                  7.9812814107303964E+000                  6.1929261353640470E+000                  0.0000000000000000E+000                  1.4785262369298669E-022                  2.7243764446961521E-001                  6.9156233743622342E-001                  2.7417842876363840E-003 
                                    6260                  3.3007388959975529E+009                  5.4896231452927302E-001                 -1.4478358583179431E+000                  3.2833195973110025E+000                  2.4493800251411462E+000                  5.4629467252847663E-001                  4.9933276042565672E-001                  0.0000000000000000E+000                  4.0761610228983134E+000                  3.4024297478765724E+000                  1.0721516645942852E+000                  7.9812944169840954E+000                  6.1929983512652864E+000                  0.0000000000000000E+000                  1.4785158121763625E-022                  2.7243764446961427E-001                  6.9156233743622486E-001                  2.6676420007963886E-003 
                                    6270                  3.3007392057749858E+009                  5.4886639402771797E-001                 -1.4551547435995043E+000                  3.2839886300721441E+000                  2.4434153105983034E+000                  5.4630717027273390E-001                  4.9964241002674009E-001                  0.0000000000000000E+000                  4.1854815963427816E+000                  3.4021007078562242E+000                  8.5334599769517538E-001                  7.9813233032713775E+000                  6.1931598822177447E+000                  0.0000000000000000E+000                  1.4784924264686363E-022                  2.7243764446961205E-001                  6.9156233743622775E-001                  2.5592237549840746E-003 
                                    6280                  3.3007398949495440E+009                  5.4873769383791204E-001                 -1.4610956272571525E+000                  3.2873631988729173E+000                  2.4303594953347152E+000                  5.4633105686541406E-001                  4.9964241002674026E-001                  0.0000000000000000E+000                  4.2964154272624437E+000                  3.4025490440218618E+000                  6.3170250393867000E-001                  7.9813863285842901E+000                  6.1935173050314969E+000                  0.0000000000000000E+000                  1.4784403885050740E-022                  2.7243764446960733E-001                  6.9156233743623396E-001                  2.4066369724979886E-003 
                                    6290                  3.3007412521130638E+009                  5.4858185697940298E-001                 -1.4552645103807920E+000                  3.2956980796583695E+000                  2.4053140377721700E+000                  5.4637760386737488E-001                  4.9964241002674031E-001                  0.0000000000000000E+000                  4.4042867308765370E+000                  3.4048715456191840E+000                  4.1712114750914309E-001                  7.9815065028268934E+000                  6.1942152460839202E+000                  0.0000000000000000E+000                  1.4783378278390503E-022                  2.7243764446959845E-001                  6.9156233743624573E-001                  2.2042531120280984E-003 
                                    6300                  3.3007436629869833E+009                  5.4840705854358152E-001                 -1.4117430210315698E+000                  3.3095689683660243E+000                  2.3627162184800534E+000                  5.4645506302973457E-001                  4.9996587259723041E-001                  0.0000000000000000E+000                  4.5136946800588795E+000                  3.4093446361729347E+000                  2.0054179442133302E-001                  7.9817105931882812E+000                  6.1954420267511416E+000                  0.0000000000000000E+000                  1.4781551273391283E-022                  2.7243764446958441E-001                  6.9156233743626450E-001                  1.9519955138469491E-003 
                                    6310                  3.3007472014446607E+009                  5.4824425242131936E-001                 -1.2831656555031199E+000                  3.3236021980608261E+000                  2.3043973255247372E+000                  5.4657580253332361E-001                  4.9996587259723035E-001                  0.0000000000000000E+000                  4.6234276342176370E+000                  3.4127023327066857E+000                 -1.7245265629304778E-002                  7.9819929597911514E+000                  6.1972205190910081E+000                  1.5109701977258766E-067                  1.4778851714217677E-022                  2.7243764446956620E-001                  6.9156233743628837E-001                  1.6684498879957488E-003 
                                    6320                  3.3007519313911262E+009                  5.4811184371344768E-001                 -1.0438105303520482E+000                  3.3291039307364199E+000                  2.2324989926487118E+000                  5.4674051188375805E-001                  5.0046991906829308E-001                  0.0000000000000000E+000                  4.7351434569586655E+000                  3.4084662327577031E+000                 -2.4279496108585258E-001                  7.9823387565282067E+000                  6.1995569038942318E+000                  0.0000000000000000E+000                  1.4775199146176809E-022                  2.7243764446954544E-001                  6.9156233743631601E-001                  1.3713318296896260E-003 
                                    6330                  3.3007565374755588E+009                  5.4803878669005812E-001                 -8.2100537735430190E-001                  3.3157279705637639E+000                  2.1674450398418190E+000                  5.4689961439608592E-001                  5.0078084649186372E-001                  0.0000000000000000E+000                  4.8253541665361617E+000                  3.3899201303242972E+000                 -4.3248943145754809E-001                  7.9826399866024431E+000                  6.2017851090732510E+000                  3.1996487155583789E-068                  1.4771588873848198E-022                  2.7243764446952778E-001                  6.9156233743633932E-001                  1.1391722939722015E-003 
                                    6340                  3.3007617201199069E+009                  5.4799630443409764E-001                 -6.8929057766395130E-001                  3.2740283123192593E+000                  2.0952192896448505E+000                  5.4706777285572361E-001                  5.0078084649186350E-001                  0.0000000000000000E+000                  4.9099657696256607E+000                  3.3474181786287094E+000                 -6.2296361348434026E-001                  7.9829370329750198E+000                  6.2042358803328108E+000                  0.0000000000000000E+000                  1.4767460205325104E-022                  2.7243764446951019E-001                  6.9156233743636253E-001                  9.2853157837402556E-004 
                                    6350                  3.3007672520789514E+009                  5.4797820072712256E-001                 -6.9674549294441979E-001                  3.1856311088940670E+000                  2.0141449179637858E+000                  5.4722008464949923E-001                  5.0109966755255275E-001                  0.0000000000000000E+000                  4.9809093721943167E+000                  3.2651538365771020E+000                 -8.0598298964745496E-001                  7.9832116155248141E+000                  6.2067967377774087E+000                  0.0000000000000000E+000                  1.4762976765074005E-022                  2.7243764446949342E-001                  6.9156233743638484E-001                  7.5811607762332756E-004 
                                    6360                  3.3007742696462407E+009                  5.4797243647432881E-001                 -8.6593130095774618E-001                  2.9837897213036566E+000                  1.8924890649775539E+000                  5.4736161301070041E-001                  5.0141531068867162E-001                  0.0000000000000000E+000                  5.0350056466066873E+000                  3.0896719510808843E+000                 -1.0019164812203059E+000                  7.9835112613350923E+000                  6.2099883125461472E+000                  0.0000000000000000E+000                  1.4757177628987482E-022                  2.7243764446947416E-001                  6.9156233743641027E-001                  6.1082346362839601E-004 
                                    6370                  3.3007868899411507E+009                  5.4797154486648447E-001                 -1.2809621800004976E+000                  2.5711764000672961E+000                  1.5829864179669111E+000                  5.4748529990140593E-001                  5.0181242844168594E-001                  0.0000000000000000E+000                  5.0493639855734775E+000                  2.7557915933704407E+000                 -1.1975733380091098E+000                  7.9839324692287228E+000                  6.2155988093427545E+000                  0.0000000000000000E+000                  1.4746443349290001E-022                  2.7243764446944396E-001                  6.9156233743645013E-001                  4.8624496507854165E-004 
                                    6380                  3.3008152882076063E+009                  5.4797147759056986E-001                 -1.6219726918861048E+000                  2.0839625070652308E+000                  8.2940545066384497E-001                  5.4758978512876411E-001                  5.0224381711749955E-001                  0.0000000000000000E+000                  5.0283235987412187E+000                  2.3620680645835117E+000                 -1.3523543287380557E+000                  7.9838986695031720E+000                  6.2267780110484567E+000                  0.0000000000000000E+000                  1.4721328868556955E-022                  2.7243764446938967E-001                  6.9156233743652173E-001                  3.8169246180574934E-004 
                                    6390                  3.3008943858943548E+009                  5.4797147431066062E-001                 -1.7676812685272940E+000                  1.4308099430273751E+000                 -3.5741194673343890E-001                  5.4766996944433888E-001                  5.0259295526116698E-001                  0.0000000000000000E+000                  4.9698028121544757E+000                  1.8614600549587690E+000                 -1.4856167603769421E+000                  7.9779855276780500E+000                  6.2483195354148515E+000                  0.0000000000000000E+000                  1.4656563367704939E-022                  2.7243764446929053E-001                  6.9156233743665330E-001                  3.0150486632174456E-004 
                                    6400                  3.3012018253205481E+009                  5.4797147420394388E-001                 -1.7929046231706105E+000                  6.8207731475041300E-001                 -2.0390670596914484E+000                  5.4773099059551922E-001                  5.0288666298969442E-001                  0.0000000000000000E+000                  4.8855608709876304E+000                  1.2875374158030606E+000                 -1.6040941976211041E+000                  7.9409048610015978E+000                  6.2964201047964226E+000                  0.0000000000000000E+000                  1.4546354694533144E-022                  2.7243764446913338E-001                  6.9156233743686091E-001                  2.4048360842465755E-004 
                                    6410                  3.3020553852539287E+009                  5.4797147420193659E-001                 -1.8023612968189762E+000                 -1.4360526624981604E-001                 -4.8268932885280433E+000                  5.4776308608030799E-001                  5.0327381923935910E-001                  0.0000000000000000E+000                  4.7777209709999138E+000                  6.7050969015576767E-001                 -1.6969282604693168E+000                  7.8631029878882144E+000                  6.3546385143831143E+000                  0.0000000000000000E+000                  1.4498446508635344E-022                  2.7243764446707858E-001                  6.9156233743957407E-001                  2.0838812162859988E-004 
                                    6420                  3.3035326503448033E+009                  5.4797147420191972E-001                 -1.8766890640704181E+000                 -9.8959359421638071E-001                 -8.1046218622212400E+000                  5.4777169292080985E-001                  5.0327381923935954E-001                  0.0000000000000000E+000                  4.6680449167127440E+000                  1.2479168979952664E-001                 -1.7504351520730990E+000                  7.7966810566482003E+000                  6.3872494042122909E+000                  0.0000000000000000E+000                  1.4458213073970991E-022                  2.7243764446346547E-001                  6.9156233744433571E-001                  1.9978128110986759E-004 
                                    6430                  3.3062166986874547E+009                  5.4797147420191927E-001                 -1.9990652922405669E+000                 -1.8511691870826674E+000                 -1.1329609374978702E+001                  5.4777386041211285E-001                  5.0320408668032657E-001                  0.0000000000000000E+000                  4.5632132333534923E+000                 -3.6258660494588424E-001                 -1.7844609327273009E+000                  7.7391723320375059E+000                  6.4063468270884405E+000                  0.0000000000000000E+000                  1.4442065113030927E-022                  2.7243764446204732E-001                  6.9156233744620277E-001                  1.9761378980642785E-004 
                                    6440                  3.3111838667190557E+009                  5.4797147420191927E-001                 -2.1362997701765538E+000                 -2.6836411909769113E+000                 -1.5493026940108351E+001                  5.4777577026235780E-001                  5.0263866790946210E-001                  0.0000000000000000E+000                  4.4696316518428167E+000                 -7.8160137766879390E-001                 -1.8068051560674032E+000                  7.6812326837541800E+000                  6.4189651997383264E+000                  0.0000000000000000E+000                  1.4436422427576531E-022                  2.7243764446155577E-001                  6.9156233744684981E-001                  1.9570393956147569E-004 
                                    6450                  3.3163440983514147E+009                  5.4797147420191927E-001                 -2.2178453647780820E+000                 -3.1618479550447267E+000                 -1.8394651141795578E+001                  5.4777577026235780E-001                  5.0215530923155083E-001                  0.0000000000000000E+000                  4.4196169638698493E+000                 -1.0018147401164004E+000                 -1.8168824613452719E+000                  7.6406085788475036E+000                  6.4254217237684017E+000                  0.0000000000000000E+000                  1.4435665727856523E-022                  2.7243764446149005E-001                  6.9156233744693629E-001                  1.9570393956147569E-004 
