                                       1                                        2                                        3                                        4                                        5                                        6                                        7 
                          version_number                                 compiler                                    build                         MESA_SDK_version                                     date                                burn_min1                                burn_min2 
                                   12115                               "gfortran"                                  "9.2.0"               "x86_64-osx-macos-19.11.2"                               "20211107"                  5.0000000000000000E+001                  1.0000000000000000E+003 

                                       1                                        2                                        3                                        4                                        5                                        6                                        7                                        8                                        9                                       10                                       11                                       12                                       13                                       14                                       15                                       16                                       17                                       18                                       19 
                            model_number                                 star_age                                star_mass                                       pp                                      cno                                 tri_alfa                             he_core_mass                              c_core_mass                              o_core_mass                                 log_Teff                                    log_L                                    log_R                             log_center_T                           log_center_Rho                                center_h1                               center_he4                               center_c12                               center_o16                            envelope_mass 
                                       1                  1.0000000000000001E-005                  1.3899999999999999E+000                 -2.1024637010244220E+001                 -9.8999999999999986E+001                 -9.8999999999999986E+001                  0.0000000000000000E+000                  0.0000000000000000E+000                  0.0000000000000000E+000                  3.6637753345051585E+000                  2.8210514176653674E+000                  1.6062338762749930E+000                  5.4766724193154950E+000                 -3.5714484864464784E+000                  7.0000000000000007E-001                  2.7997020236474890E-001                  3.4416073257059884E-003                  9.3604492797742141E-003                  1.3899999999999999E+000 
                                      10                  2.5958682111999992E-004                  1.3899999999999999E+000                 -2.1024655268637581E+001                 -9.8999999999999986E+001                 -9.8999999999999986E+001                  0.0000000000000000E+000                  0.0000000000000000E+000                  0.0000000000000000E+000                  3.6517416240667431E+000                  2.7719420729661688E+000                  1.6057466248022247E+000                  5.4766721194488124E+000                 -3.5714468270477737E+000                  7.0000000000000007E-001                  2.7997020236474890E-001                  3.4416073257059884E-003                  9.3604492797742141E-003                  1.3899999999999999E+000 
                                      20                  1.8668799962237360E-003                  1.3899999999999999E+000                 -2.1024722479547691E+001                 -9.8999999999999986E+001                 -9.8999999999999986E+001                  0.0000000000000000E+000                  0.0000000000000000E+000                  0.0000000000000000E+000                  3.6213197131521175E+000                  2.6470039457379140E+000                  1.6041213830173484E+000                  5.4766735320583058E+000                 -3.5714431600369174E+000                  7.0000000000000007E-001                  2.7997020236474890E-001                  3.4416073257059884E-003                  9.3604492797742141E-003                  1.3899999999999999E+000 
                                      30                  1.1818815689988476E-002                  1.3899999999999999E+000                 -2.1024831070071773E+001                 -9.8999999999999986E+001                 -9.8999999999999986E+001                  0.0000000000000000E+000                  0.0000000000000000E+000                  0.0000000000000000E+000                  3.5950742031485712E+000                  2.5370394300402990E+000                  1.6016301451756332E+000                  5.4766776054849116E+000                 -3.5714367735601322E+000                  7.0000000000000007E-001                  2.7997020236474890E-001                  3.4416073257059884E-003                  9.3604492797742141E-003                  1.3899999999999999E+000 
                                      40                  7.3438578398454205E-002                  1.3899999999999999E+000                 -2.1024820390355970E+001                 -9.8999999999999986E+001                 -9.8999999999999986E+001                  0.0000000000000000E+000                  0.0000000000000000E+000                  0.0000000000000000E+000                  3.5862152110150829E+000                  2.4978240080542733E+000                  1.5997404184495971E+000                  5.4766881162927561E+000                 -3.5714207703038929E+000                  7.0000000000000007E-001                  2.7997020236474890E-001                  3.4416073257059884E-003                  9.3604492797742141E-003                  1.3899999999999999E+000 
                                      50                  4.5497190750010674E-001                  1.3899999999999999E+000                 -2.1023629838215086E+001                 -9.8999999999999986E+001                 -9.8999999999999986E+001                  0.0000000000000000E+000                  0.0000000000000000E+000                  0.0000000000000000E+000                  3.5851999874756446E+000                  2.4922805148120468E+000                  1.5989991189073602E+000                  5.4767632150305925E+000                 -3.5713064833290122E+000                  7.0000000000000007E-001                  2.7997020236474890E-001                  3.4416073257059884E-003                  9.3604492797742141E-003                  1.3899999999999999E+000 
