                                       1                                        2                                        3                                        4                                        5                                        6                                        7 
                          version_number                                 compiler                                    build                         MESA_SDK_version                                     date                                burn_min1                                burn_min2 
                                   12115                               "gfortran"                                  "9.2.0"               "x86_64-osx-macos-19.11.2"                               "20211108"                  5.0000000000000000E+001                  1.0000000000000000E+003 

                                       1                                        2                                        3                                        4                                        5                                        6                                        7                                        8                                        9                                       10                                       11                                       12                                       13                                       14                                       15                                       16                                       17                                       18                                       19 
                            model_number                                 star_age                                star_mass                                       pp                                      cno                                 tri_alfa                             he_core_mass                              c_core_mass                              o_core_mass                                 log_Teff                                    log_L                                    log_R                             log_center_T                           log_center_Rho                                center_h1                               center_he4                               center_c12                               center_o16                            envelope_mass 
                                    6824                  3.9535588572226076E+009                  5.5183399221004970E-001                 -2.0380166958650378E-001                  3.4489086636462494E+000                  1.9397641191299821E+000                  5.4239578047203685E-001                  4.9644307537110671E-001                  0.0000000000000000E+000                  3.5463744692672452E+000                  3.4932103169724691E+000                  2.1771150564043702E+000                  7.9671048934973632E+000                  6.2011989593254313E+000                  0.0000000000000000E+000                  5.2825260627797414E-020                  2.4113952243368381E-001                  7.3414920538737571E-001                  9.4382117380128472E-003 
                                    6830                  3.9535590398060026E+009                  5.4988354227465985E-001                 -1.9971770796301375E-001                  3.4493851725318256E+000                  1.9366616202957310E+000                  5.4240388670684669E-001                  4.9644307537110666E-001                  0.0000000000000000E+000                  3.5554466299798624E+000                  3.4933718950800547E+000                  2.1590515240329293E+000                  7.9671209341962994E+000                  6.2012859614242357E+000                  0.0000000000000000E+000                  5.2824956713434484E-020                  2.4113952243357731E-001                  7.3414920538748363E-001                  7.4796555678131593E-003 
                                    6840                  3.9535592693869796E+009                  5.4753897343365276E-001                 -1.9295310945282548E-001                  3.4498759373735410E+000                  1.9327805955511013E+000                  5.4241400178639798E-001                  4.9644307537110660E-001                  0.0000000000000000E+000                  3.5741025238522717E+000                  3.4936729034993093E+000                  2.1218902404977369E+000                  7.9671415538856589E+000                  6.2013962821525164E+000                  0.0000000000000000E+000                  5.2824580572133373E-020                  2.4113952243345096E-001                  7.3414920538761164E-001                  5.1249716472547835E-003 
                                    6850                  3.9535594442739496E+009                  5.4590008171164894E-001                 -1.8822476749388106E-001                  3.4502647594820171E+000                  1.9298451378972497E+000                  5.4242185861512737E-001                  4.9644307537110643E-001                  0.0000000000000000E+000                  3.6020086385296897E+000                  3.4938946493010303E+000                  2.0661888840437617E+000                  7.9671568053087771E+000                  6.2014795794997060E+000                  0.0000000000000000E+000                  5.2824297728789868E-020                  2.4113952243335943E-001                  7.3414920538770445E-001                  3.4782230965215710E-003 
                                    6860                  3.9535595111001968E+009                  5.4533904455223781E-001                 -1.8639898583632050E-001                  3.4504098022560967E+000                  1.9287272808724587E+000                  5.4242511085743017E-001                  4.9644307537110616E-001                  0.0000000000000000E+000                  3.6220230200358059E+000                  3.4939348460272566E+000                  2.0261802193946430E+000                  7.9671627434921772E+000                  6.2015116280430371E+000                  0.0000000000000000E+000                  5.2824190474917235E-020                  2.4113952243332554E-001                  7.3414920538773887E-001                  2.9139336948076355E-003 
                                    6870                  3.9535595431975083E+009                  5.4508988570065742E-001                 -1.8565020911043242E-001                  3.4504775530123077E+000                  1.9281910397594586E+000                  5.4242511085743017E-001                  4.9644307537110621E-001                  0.0000000000000000E+000                  3.6355393473111954E+000                  3.4939267307462396E+000                  1.9991435072033557E+000                  7.9671655909525443E+000                  6.2015270166043264E+000                  0.0000000000000000E+000                  5.2824139103962172E-020                  2.4113952243330936E-001                  7.3414920538775519E-001                  2.6647748432272467E-003 
                                    6880                  3.9535595655680280E+009                  5.4492597254510944E-001                 -1.8523147686894723E-001                  3.4504886565873183E+000                  1.9278177711935807E+000                  5.4242807251888647E-001                  4.9644307537110643E-001                  0.0000000000000000E+000                  3.6472879065992401E+000                  3.4939286065449191E+000                  1.9756473265266055E+000                  7.9671675741030947E+000                  6.2015377407474119E+000                  0.0000000000000000E+000                  5.2824103351858462E-020                  2.4113952243329823E-001                  7.3414920538776640E-001                  2.4979000262229656E-003 
                                    6890                  3.9535595763386927E+009                  5.4485042511410142E-001                 -1.8502857697979844E-001                  3.4504752242539838E+000                  1.9276387201630765E+000                  5.4242807251888647E-001                  4.9644307537110643E-001                  0.0000000000000000E+000                  3.6538117776214274E+000                  3.4939072694022988E+000                  1.9625889159109202E+000                  7.9671685296365808E+000                  6.2015429057939659E+000                  0.0000000000000000E+000                  5.2824086153862795E-020                  2.4113952243329292E-001                  7.3414920538777184E-001                  2.4223525952149494E-003 
                                    6900                  3.9535595841334286E+009                  5.4479722175894629E-001                 -1.8489284422327415E-001                  3.4504741426352359E+000                  1.9275093536264394E+000                  5.4242807251888614E-001                  4.9644307537110605E-001                  0.0000000000000000E+000                  3.6589791576200223E+000                  3.4938759148077678E+000                  1.9522384786164655E+000                  7.9671692213078282E+000                  6.2015466441937823E+000                  0.0000000000000000E+000                  5.2824073713591422E-020                  2.4113952243328901E-001                  7.3414920538777573E-001                  2.3691492400601533E-003 
                                    6910                  3.9535595929785075E+009                  5.4473840086926650E-001                 -1.8470589803629248E-001                  3.4504242167608266E+000                  1.9273637495529612E+000                  5.4242807251888592E-001                  4.9644307537110605E-001                  0.0000000000000000E+000                  3.6653657671138338E+000                  3.4938663973726629E+000                  1.9394605009112909E+000                  7.9671700083888393E+000                  6.2015508905341505E+000                  0.0000000000000000E+000                  5.2824059602668869E-020                  2.4113952243328463E-001                  7.3414920538778028E-001                  2.3103283503805860E-003 
                                    6920                  3.9535596007873802E+009                  5.4468796593199853E-001                 -1.8456520761345485E-001                  3.4504374647397560E+000                  1.9272349508110165E+000                  5.4242807251888581E-001                  4.9644307537110582E-001                  0.0000000000000000E+000                  3.6715901125725541E+000                  3.4938325390161080E+000                  1.9269948808155712E+000                  7.9671707024563805E+000                  6.2015546381111388E+000                  0.0000000000000000E+000                  5.2824047150015000E-020                  2.4113952243328071E-001                  7.3414920538778417E-001                  2.2598934131127235E-003 
                                    6930                  3.9535596091289210E+009                  5.4463573306111079E-001                 -1.8446625807531300E-001                  3.4504510032406523E+000                  1.9270970282034194E+000                  5.4242807251888547E-001                  4.9644307537110566E-001                  0.0000000000000000E+000                  3.6789728552803731E+000                  3.4937667367265584E+000                  1.9121964942551584E+000                  7.9671714428692262E+000                  6.2015586396779190E+000                  0.0000000000000000E+000                  5.2824033853129223E-020                  2.4113952243327655E-001                  7.3414920538778838E-001                  2.2076605422253204E-003 
                                    6940                  3.9535596165943842E+009                  5.4459054970693466E-001                 -1.8445306450266660E-001                  3.4504454371320730E+000                  1.9269733763358214E+000                  5.4242807251888547E-001                  4.9644307537110549E-001                  0.0000000000000000E+000                  3.6862135304895172E+000                  3.4936942064476093E+000                  1.8976788786973966E+000                  7.9671721048234332E+000                  6.2015622198596780E+000                  0.0000000000000000E+000                  5.2824021957387615E-020                  2.4113952243327280E-001                  7.3414920538779216E-001                  2.1624771880491833E-003 
                                    6950                  3.9535596253892035E+009                  5.4453934014044580E-001                 -1.8455592832429191E-001                  3.4504068530058571E+000                  1.9268278253425088E+000                  5.4243175391556842E-001                  4.9644307537110505E-001                  0.0000000000000000E+000                  3.6958456163052604E+000                  3.4935812395395645E+000                  1.8783582236118881E+000                  7.9671728846033467E+000                  6.2015664376499631E+000                  0.0000000000000000E+000                  5.2824007948787631E-020                  2.4113952243326844E-001                  7.3414920538779649E-001                  2.1075862248773891E-003 
                                    6960                  3.9535596348138609E+009                  5.4448712811175304E-001                 -1.8483174775712560E-001                  3.4503380700201554E+000                  1.9266723316896861E+000                  5.4243175391556819E-001                  4.9644307537110482E-001                  0.0000000000000000E+000                  3.7077624836713774E+000                  3.4934035519777629E+000                  1.8544356450987525E+000                  7.9671737208818296E+000                  6.2015709588987589E+000                  0.0000000000000000E+000                  5.2823992943463729E-020                  2.4113952243326381E-001                  7.3414920538780115E-001                  2.0553741961848448E-003 
                                    6970                  3.9535596440426321E+009                  5.4443899844246479E-001                 -1.8532156307083270E-001                  3.4502382007176919E+000                  1.9265207460048863E+000                  5.4243175391556808E-001                  4.9644307537110460E-001                  0.0000000000000000E+000                  3.7217952095613911E+000                  3.4931715095735028E+000                  1.8262541721165944E+000                  7.9671745408332661E+000                  6.2015753883039864E+000                  0.0000000000000000E+000                  5.2823978256555920E-020                  2.4113952243325931E-001                  7.3414920538780570E-001                  2.0072445268967121E-003 
                                    6980                  3.9535596538037462E+009                  5.4439188503656877E-001                 -1.8618631590789322E-001                  3.4500746427873739E+000                  1.9263613459801714E+000                  5.4243175391556830E-001                  4.9644307537110482E-001                  0.0000000000000000E+000                  3.7412761240912964E+000                  3.4927743170385379E+000                  1.7870937467893027E+000                  7.9671754096427652E+000                  6.2015800762736006E+000                  0.0000000000000000E+000                  5.2823962729438055E-020                  2.4113952243325451E-001                  7.3414920538781070E-001                  1.9601311210004635E-003 
                                    6990                  3.9535596634079304E+009                  5.4435026354701188E-001                 -1.8759103974730371E-001                  3.4498155644504300E+000                  1.9262058862232008E+000                  5.4243175391556853E-001                  4.9644307537110494E-001                  0.0000000000000000E+000                  3.7683223642685357E+000                  3.4921499486394993E+000                  1.7326890822353045E+000                  7.9671762669696289E+000                  6.2015846936153869E+000                  0.0000000000000000E+000                  5.2823947458991594E-020                  2.4113952243324982E-001                  7.3414920538781547E-001                  1.9185096314433547E-003 
                                    7000                  3.9535596747223077E+009                  5.4430888396549293E-001                 -1.9045586063509304E-001                  3.4492902561214600E+000                  1.9260255523185517E+000                  5.4243175391556853E-001                  4.9644307537110499E-001                  0.0000000000000000E+000                  3.8156842667851953E+000                  3.4908532216830936E+000                  1.6373169137237829E+000                  7.9671772823070457E+000                  6.2015901431574711E+000                  0.0000000000000000E+000                  5.2823929478075228E-020                  2.4113952243324432E-001                  7.3414920538782091E-001                  1.8771300499244026E-003 
                                    7010                  3.9535596934859424E+009                  5.4426058115086795E-001                 -1.9930398547170397E-001                  3.4477386456204879E+000                  1.9257411413605716E+000                  5.4243175391556853E-001                  4.9644307537110499E-001                  0.0000000000000000E+000                  3.9227754154069423E+000                  3.4884872736787855E+000                  1.4219516424781338E+000                  7.9671789954236729E+000                  6.2015992344841830E+000                  0.0000000000000000E+000                  5.2823899678638504E-020                  2.4113952243323514E-001                  7.3414920538783035E-001                  1.8288272352994239E-003 
                                    7020                  3.9535597179276810E+009                  5.4422427055040934E-001                 -2.1020320610517307E-001                  3.4463598615994644E+000                  1.9254018732519633E+000                  5.4243557914180984E-001                  4.9644307537110477E-001                  0.0000000000000000E+000                  4.0329141818299181E+000                  3.4883802092224090E+000                  1.2016205774039943E+000                  7.9671812888573887E+000                  6.2016111906266920E+000                  0.0000000000000000E+000                  5.2823860899005072E-020                  2.4113952243322331E-001                  7.3414920538784223E-001                  1.7886914085994965E-003 
                                    7030                  3.9535597665266538E+009                  5.4418081973888255E-001                 -2.2456833817845387E-001                  3.4450383404392828E+000                  1.9247100377323230E+000                  5.4243557914180984E-001                  4.9644307537110482E-001                  0.0000000000000000E+000                  4.1417646844096110E+000                  3.4875948567164756E+000                  9.8352689599164123E-001                  7.9671857987061045E+000                  6.2016348769369696E+000                  0.0000000000000000E+000                  5.2823783909835686E-020                  2.4113952243319992E-001                  7.3414920538786610E-001                  1.7452405970727058E-003 
                                    7040                  3.9535598700409789E+009                  5.4412534921577893E-001                 -2.4664619156201759E-001                  3.4426710328529584E+000                  1.9232092502809670E+000                  5.4244200262567110E-001                  4.9644307537110482E-001                  0.0000000000000000E+000                  4.2493231815279815E+000                  3.4857785047654541E+000                  7.6750172577938969E-001                  7.9671952932484746E+000                  6.2016851458608473E+000                  0.0000000000000000E+000                  5.2823620435277791E-020                  2.4113952243315073E-001                  7.3414920538791584E-001                  1.6833465901078259E-003 
                                    7050                  3.9535600920123429E+009                  5.4405470144576251E-001                 -2.7650483054543995E-001                  3.4390099409092150E+000                  1.9199541715510671E+000                  5.4244991940012888E-001                  4.9644307537110482E-001                  0.0000000000000000E+000                  4.3583479048969354E+000                  3.4825698975147183E+000                  5.4784797541611485E-001                  7.9672153550494214E+000                  6.2017924876337469E+000                  0.0000000000000000E+000                  5.2823272080296443E-020                  2.4113952243304831E-001                  7.3414920538801942E-001                  1.6047820456336348E-003 
                                    7060                  3.9535605443343210E+009                  5.4397052075628594E-001                 -3.1123561092737168E-001                  3.4337298096315307E+000                  1.9132480211422334E+000                  5.4247021822763841E-001                  4.9644307537110482E-001                  0.0000000000000000E+000                  4.4665218553967332E+000                  3.4775198584346181E+000                  3.2897505487646794E-001                  7.9672552825116369E+000                  6.2020098326767101E+000                  0.0000000000000000E+000                  5.2822570471298289E-020                  2.4113952243285086E-001                  7.3414920538821982E-001                  1.5003025286475236E-003 
                                    7070                  3.9535614176795349E+009                  5.4387715284763904E-001                 -3.4102860137680002E-001                  3.4260265261561385E+000                  1.9001705070218020E+000                  5.4250512586539046E-001                  4.9672080961493414E-001                  0.0000000000000000E+000                  4.5750068077063961E+000                  3.4698286542948611E+000                  1.0815954818726545E-001                  7.9673296535142644E+000                  6.2024255932831078E+000                  0.0000000000000000E+000                  5.2821241120896766E-020                  2.4113952243250467E-001                  7.3414920538857065E-001                  1.3720269822485864E-003 
                                    7080                  3.9535629265438623E+009                  5.4378676007662019E-001                 -3.4901620659848276E-001                  3.4141076525931822E+000                  1.8774052573235356E+000                  5.4256256948008053E-001                  4.9672080961493381E-001                  0.0000000000000000E+000                  4.6801455934867358E+000                  3.4578029319488941E+000                 -1.0813088454639873E-001                  7.9674518312608500E+000                  6.2031347214483441E+000                  0.0000000000000000E+000                  5.2819000677376272E-020                  2.4113952243198822E-001                  7.3414920538909378E-001                  1.2241905965396649E-003 
                                    7090                  3.9535655972918115E+009                  5.4370328714250549E-001                 -3.4374383921814211E-001                  3.3905584781264082E+000                  1.8370085393682889E+000                  5.4266101959118607E-001                  4.9672080961493381E-001                  0.0000000000000000E+000                  4.7915232748111727E+000                  3.4341794500512779E+000                 -3.4269798814408037E-001                  7.9676525653882413E+000                  6.2043665279564078E+000                  0.0000000000000000E+000                  5.2815139015028782E-020                  2.4113952243124165E-001                  7.3414920538985040E-001                  1.0422675513194202E-003 
                                    7100                  3.9535695006930404E+009                  5.4364915365981648E-001                 -3.6930363706655656E-001                  3.3400327591098939E+000                  1.7783828034637181E+000                  5.4279610068604278E-001                  4.9672080961493364E-001                  0.0000000000000000E+000                  4.8981729066148558E+000                  3.3852974074228750E+000                 -5.8043827306564899E-001                  7.9679162354698967E+000                  6.2061217698286439E+000                  0.0000000000000000E+000                  5.2809613651028727E-020                  2.4113952243038533E-001                  7.3414920539071804E-001                  8.5305297377369360E-004 
                                    7110                  3.9535741272149820E+009                  5.4362716069927974E-001                 -4.6801084657911735E-001                  3.2374537812041222E+000                  1.7086757786094700E+000                  5.4293420648374302E-001                  4.9706087734710264E-001                  0.0000000000000000E+000                  4.9848404007714988E+000                  3.2895277736412956E+000                 -8.0165807826972202E-001                  7.9681878257654901E+000                  6.2081403465009668E+000                  0.0000000000000000E+000                  5.2803132943323432E-020                  2.4113952242958436E-001                  7.3414920539152984E-001                  6.9295421553672298E-004 
                                    7120                  3.9535807778378768E+009                  5.4362114974645226E-001                 -7.3969174845119956E-001                  2.9683737863617821E+000                  1.6007766028905384E+000                  5.4306719628771272E-001                  4.9706087734710236E-001                  0.0000000000000000E+000                  5.0473498687875242E+000                  3.0503602704602724E+000                 -1.0462607658922851E+000                  7.9685022821916807E+000                  6.2109262548502322E+000                  0.0000000000000000E+000                  5.2793822913674738E-020                  2.4113952242866921E-001                  7.3414920539245720E-001                  5.5395345873954227E-004 
                                    7121                  3.9535817226377764E+009                  5.4362100282048220E-001                 -7.8763598263737522E-001                  2.9165625425551944E+000                  1.5841376305216786E+000                  5.4307972433166962E-001                  4.9706087734710247E-001                  0.0000000000000000E+000                  5.0502951388246720E+000                  3.0062042377033107E+000                 -1.0742293223450634E+000                  7.9685397757008243E+000                  6.2113109906748081E+000                  0.0000000000000000E+000                  5.2792496576526644E-020                  2.4113952242855496E-001                  7.3414920539257300E-001                  5.4127848881257989E-004 
                                    7130                  3.9535989681824398E+009                  5.4362070456792466E-001                 -1.3859011451387215E+000                  2.3016582738111997E+000                  1.1899948462933496E+000                  5.4317638754814501E-001                  4.9738189384528753E-001                  0.0000000000000000E+000                  5.0340404291827605E+000                  2.5186829335988565E+000                 -1.2854805551134660E+000                  7.9688984563665564E+000                  6.2178179168903975E+000                  0.0000000000000000E+000                  5.2768060898492177E-020                  2.4113952242688383E-001                  7.3414920539426631E-001                  4.4431701977964977E-004 
                                    7140                  3.9536572770743270E+009                  5.4362069290727066E-001                 -1.6422846368568866E+000                  1.6760245245351257E+000                  8.2703191270756080E-002                  5.4326926177500034E-001                  4.9795855162806879E-001                  0.0000000000000000E+000                  4.9862431176709938E+000                  2.0223498229170795E+000                 -1.4380524874308220E+000                  7.9668858541266356E+000                  6.2346271171972116E+000                  0.0000000000000000E+000                  5.2686341661463426E-020                  2.4113952242376857E-001                  7.3414920539742323E-001                  3.5143113227031897E-004 
                                    7150                  3.9538728586291142E+009                  5.4362069258791357E-001                 -1.6891408370384284E+000                  9.0462036178767291E-001                 -1.5468982886237028E+000                  5.4333925244711856E-001                  4.9830795722269067E-001                  0.0000000000000000E+000                  4.9035565753549450E+000                  1.4346330222377879E+000                 -1.5665378031383688E+000                  7.9459934837142008E+000                  6.2712512797200874E+000                  0.0000000000000000E+000                  5.2490556721497254E-020                  2.4113952241939823E-001                  7.3414920540185180E-001                  2.8144014079500845E-004 
                                    7160                  3.9545956624798131E+009                  5.4362069258188084E-001                 -1.6852235453426330E+000                  8.6698673303439167E-002                 -4.0505257633056742E+000                  5.4338279236268017E-001                  4.9830795722269072E-001                  0.0000000000000000E+000                  4.7986620192983569E+000                  8.0644871338392399E-001                 -1.6708408454521257E+000                  7.8786726495116550E+000                  6.3298803663193297E+000                  0.0000000000000000E+000                  5.2276989500923740E-020                  2.4113952230788843E-001                  7.3414920551484675E-001                  2.3790021920067073E-004 
                                    7170                  3.9559343963146887E+009                  5.4362069258182910E-001                 -1.7373576601094576E+000                 -7.4844410706762743E-001                 -7.3463084345721645E+000                  5.4339663408709826E-001                  4.9830795722269083E-001                  0.0000000000000000E+000                  4.6886868797490946E+000                  2.4220589484182709E-001                 -1.7330119756246487E+000                  7.8100396032594830E+000                  6.3678159544620483E+000                  0.0000000000000000E+000                  5.2119823050287306E-020                  2.4113952215890003E-001                  7.3414920566581476E-001                  2.2405849473083883E-004 
                                    7180                  3.9582773204698677E+009                  5.4362069258182821E-001                 -1.8462194681938906E+000                 -1.5916654555861522E+000                 -1.0351041492621095E+001                  5.4339922897854376E-001                  4.9866959179433434E-001                  0.0000000000000000E+000                  4.5843946473014769E+000                 -2.5144152749886983E-001                 -1.7712512218997611E+000                  7.7521655792231465E+000                  6.3893243121450842E+000                  0.0000000000000000E+000                  5.2060325850140061E-020                  2.4113952210060602E-001                  7.3414920572488251E-001                  2.2146360328445525E-004 
                                    7190                  3.9632673355007763E+009                  5.4362069258182821E-001                 -1.9932051816707890E+000                 -2.5080073573736175E+000                 -1.4780665653308963E+001                  5.4339922897854376E-001                  4.9813001171627852E-001                  0.0000000000000000E+000                  4.4794934928290360E+000                 -7.2613702397301017E-001                 -1.7987966611919513E+000                  7.6887679402369518E+000                  6.4045379381384819E+000                  0.0000000000000000E+000                  5.2038723127538839E-020                  2.4113952207928127E-001                  7.3414920574649001E-001                  2.2146360328445525E-004 
                                    7200                  3.9656974960043054E+009                  5.4362069258182821E-001                 -2.0410821673004982E+000                 -2.7884004701460623E+000                 -1.6398245554069891E+001                  5.4339922897854376E-001                  4.9813001171627852E-001                  0.0000000000000000E+000                  4.4497061947347563E+000                 -8.5825386954937677E-001                 -1.8052804877915756E+000                  7.6676335570956455E+000                  6.4083288507258969E+000                  0.0000000000000000E+000                  5.2036349452367840E-020                  2.4113952207693326E-001                  7.3414920574886933E-001                  2.2146360328445525E-004 
                                    7207                  3.9702569122472792E+009                  5.4362069258182821E-001                 -2.1037339013167973E+000                 -3.1535215045653815E+000                 -1.8727441881740607E+001                  5.4339922897854376E-001                  4.9759110328046646E-001                  0.0000000000000000E+000                  4.4121010549756541E+000                 -1.0240223387631029E+000                 -1.8129544428802349E+000                  7.6342860816159925E+000                  6.4133528643544002E+000                  0.0000000000000000E+000                  5.2035706089874784E-020                  2.4113952207629752E-001                  7.3414920574951348E-001                  2.2146360328445525E-004 
