                                       1                                        2                                        3                                        4                                        5                                        6                                        7 
                          version_number                                 compiler                                    build                         MESA_SDK_version                                     date                                burn_min1                                burn_min2 
                                   12115                               "gfortran"                                  "9.2.0"               "x86_64-osx-macos-19.11.2"                               "20211108"                  5.0000000000000000E+001                  1.0000000000000000E+003 

                                       1                                        2                                        3                                        4                                        5                                        6                                        7                                        8                                        9                                       10                                       11                                       12                                       13                                       14                                       15                                       16                                       17                                       18                                       19 
                            model_number                                 star_age                                star_mass                                       pp                                      cno                                 tri_alfa                             he_core_mass                              c_core_mass                              o_core_mass                                 log_Teff                                    log_L                                    log_R                             log_center_T                           log_center_Rho                                center_h1                               center_he4                               center_c12                               center_o16                            envelope_mass 
                                       1                  1.0000000000000001E-005                  1.3799999999999999E+000                 -2.1021487450239349E+001                 -9.8999999999999986E+001                 -9.8999999999999986E+001                  0.0000000000000000E+000                  0.0000000000000000E+000                  0.0000000000000000E+000                  3.6636009393919413E+000                  2.8143320466853159E+000                  1.6032229810114018E+000                  5.4766273693831025E+000                 -3.5653439645576830E+000                  7.0000000000000007E-001                  2.7997020236474890E-001                  3.4416073257059884E-003                  9.3604492797742141E-003                  1.3799999999999999E+000 
                                      10                  2.5958682111999992E-004                  1.3799999999999999E+000                 -2.1021501888508311E+001                 -9.8999999999999986E+001                 -9.8999999999999986E+001                  0.0000000000000000E+000                  0.0000000000000000E+000                  0.0000000000000000E+000                  3.6516049663999084E+000                  2.7653736930033372E+000                  1.6027357501544781E+000                  5.4766269870145274E+000                 -3.5653424592101990E+000                  7.0000000000000007E-001                  2.7997020236474890E-001                  3.4416073257059884E-003                  9.3604492797742141E-003                  1.3799999999999999E+000 
                                      20                  1.8668799962237360E-003                  1.3799999999999999E+000                 -2.1021554922529880E+001                 -9.8999999999999986E+001                 -9.8999999999999986E+001                  0.0000000000000000E+000                  0.0000000000000000E+000                  0.0000000000000000E+000                  3.6212033736549127E+000                  2.6405156468520659E+000                  1.6011099125688333E+000                  5.4766280649351513E+000                 -3.5653393222509422E+000                  7.0000000000000007E-001                  2.7997020236474890E-001                  3.4416073257059884E-003                  9.3604492797742141E-003                  1.3799999999999999E+000 
                                      30                  1.1818815689988476E-002                  1.3799999999999999E+000                 -2.1021639987261629E+001                 -9.8999999999999986E+001                 -9.8999999999999986E+001                  0.0000000000000000E+000                  0.0000000000000000E+000                  0.0000000000000000E+000                  3.5950066935671448E+000                  2.5307512343606322E+000                  1.5986210664986535E+000                  5.4766316008055194E+000                 -3.5653337566579988E+000                  7.0000000000000007E-001                  2.7997020236474890E-001                  3.4416073257059884E-003                  9.3604492797742141E-003                  1.3799999999999999E+000 
                                      40                  7.3438578398454205E-002                  1.3799999999999999E+000                 -2.1021611071096395E+001                 -9.8999999999999986E+001                 -9.8999999999999986E+001                  0.0000000000000000E+000                  0.0000000000000000E+000                  0.0000000000000000E+000                  3.5861903697800108E+000                  2.4917193063798324E+000                  1.5967377500825206E+000                  5.4766415372921440E+000                 -3.5653186291631216E+000                  7.0000000000000007E-001                  2.7997020236474890E-001                  3.4416073257059884E-003                  9.3604492797742141E-003                  1.3799999999999999E+000 
                                      50                  4.5497190750010674E-001                  1.3799999999999999E+000                 -2.1020420817930827E+001                 -9.8999999999999986E+001                 -9.8999999999999986E+001                  0.0000000000000000E+000                  0.0000000000000000E+000                  0.0000000000000000E+000                  3.5851795104838096E+000                  2.4862018359249989E+000                  1.5960007334475077E+000                  5.4767158166627592E+000                 -3.5652056049127330E+000                  7.0000000000000007E-001                  2.7997020236474890E-001                  3.4416073257059884E-003                  9.3604492797742141E-003                  1.3799999999999999E+000 
